
1
22007624

ARYAN SINGLA


P4TE_1A_AA0 2011

5

1

1

290

96

100

95

95
2
22203461

RIDDHIMA

P4TE_1A_AA0

2011

12

2

2

285

95 100

95

90

3 1000468239

DIVAY

P4TE_1A_AA0

2011

17

3

3

285

95 95

100

90

4

1003429526

ADIT

P4TE_1A_AA0

2011 25

4

4

280

93 90

95

95

5

22234784

AADIL

P4TE_1A_AA0

2011

42

5

5

272

90

91

95

86

6

1003406790

SATAVISHA

P4TE_1A_AA0

2011 46

6

6

271

90 91

90

90

7 1003468273

ROHAN

P4TE_1A_AA0

2011 48

7

7

271

90 90

95

86
8
21220870

BHAVYA CHAUDHARY

P4TE_1A_AA0

2011 49

8

8

271 90 95

91

85

9 20126037

RAGHAV

P4TE_1A_AA0

2011

52

9

9

270 90 85

90

95

10

22223341

MEHAR

P4TE_1A_AA0

53 2011

10

10

270 90 90

85

90

11

22224356

PULKIT

P4TE_1A_AA0

2011 57

11

11

270

90

90

95

85

12

1003335958

KRISHIV

P4TE_1A_AA0

2011

62

12

12

267

89

80

91

96

13 1000484956

ATHARV

P4TE_1A_AA0

2011 64

13

13

267

89 95

86

86

14

1000484706

GATIK

P4TE_1A_AA0

2011 68

14

14

266

88

90

86

90

15

1003421762

SAHIL

P4TE_1A_AA0

2011 69

15

15

266

88 95

85

86

16

22214078

SHREYA

P4TE_1A_AA0

2011 75 16

16

265 88

85

90

90

17

1003436372

AYAAN

P4TE_1A_AA0

2011

76

17

17

265

88 96

81

88

18

22244402

SARA

P4TE_1A_AA0

2011

82

18

18

265 88 95

90

80

19 1003440905

ABEER

P4TE_1A_AA0 2011

84 19

19

265 88

95

86

79

20 1003449718

SIDDHANT

P4TE_1A_AA0

2011

90 20

20

261 87 85

86

90

21

1000471720

RIZUL

P4TE_1A_AA0

2011

93 21

21

261 87 95

85

81

22 1000465521

SAKSHAM

P4TE_1A_AA0

2011

100

22

22

259 86 80

96

83

23

22218734

MEHAK

P4TE_1A_AA0

2011

101

23

23

258 86

86

90

77

24 1003445156

OMKAR KAYANDE

P4TE_1A_AA0 2011 111

24

24

256 85

85

82

84

25 1003450239

SUSHANT

P4TE_1A_AA0

2011 112 25

25

256 85 95

85

76

26 1008112306

ARNAV JAIN

P4TE_1A_AA0

2011 125 26

26

252 84

85

76

91

27 1003499265

ARJUN

P4TE_1A_AA0

2011 126 27

27

252 84 85

86

81

28 1003425710

TEJASVI

P4TE_1A_AA0

2011

128 28

28

251 83 75

96

80

29 1003415470

KARTIK

P4TE_1A_AA0

2011 146

29

29

247

82 75

91

81

30

22852847

DEVANSH

P4TE_1A_AA0 2011 150.

30

30

246

82

85

75

86

31 22219465

RAKSH

P4TE_1A_AA0

2011

161 31

31

245

81

81

82

77

32

21217808

NISHTHA

P4TE_1A_AA0

2011

168

32

32 243

81

70

86

87

33

1003447724

ARNAV

P4TE_1A_AA0

2011 189

33

33

237 79 77

81

79

34 1003405654 
SIDDHARTH

P4TE_1A_AA0

2011

190

34

34

237 79

80

81

76

35 1000573777
PARTH

P4TE_1A_A01

2011

199

35

1

236 78

77

87

72

36 1003492679 
PARV

P4TE_1A_A01

2011

207

36

2

235

78

91

81

63

37 1003424426 
SIDDHANT

P4TE_1A_AA0

2011

221

37

35

232 77 64

72

96

38 1003506583 
MANYA

P4TE_1A_AA0

2011 239

38

36

229 76

71

80

78

39

19005104 
MEHUL

P4TE_1A_AA0

2011

246

39

37

227 75

64

85

78

40 1000614543 
VIHANG

P4TE_1A_AA0

2011

253

40

38

225 75

83

67

75

41 1000522806 
ANMOL

P4TE_1A_AA0

2011

254

41

39

225

75

80

70

75

42 1003426115 
KARAN

P4TE_1A_AA0

2011 255

42

40

225 75

73

86

66

43

1000487962 
AADEV


P4TE_1A_AA0

2011

269

43

41

222

74

81

80

61

44 1003603267 
LAVISH
P4TE_1A_A01

2011 280

44

3

220 73

75

83

62

45 1003455681 
GITANSH

P4TE_1A_A01

2011

283 45

4

219

73

76

71

72

46

20205058 
ISHITA

P4TE_1A_A01 2011 296

46

5

217

72

77

81

59

47 1003486027 
LAKSHIT



P4TE_1A_A02 2011

307

47

1

215

71

75

77

63
48 1003564900 
ISHITA
P4TE_1A_AA0 2011

316 48

42

213

71

54

85

74

49 1003408003 
SAKSHAM

P4TE_1A_A01 2011

329

49

6

212

70

78

86

48

50 1003335939 
PRACHI



P4TE_1A_A01 2011

334

50

7

210

70

76

63

71
51 1003599696 
ABHINAV
P4TE_1A_A01

2011 338 51

8

210 70

62

86

62

52 1003613749

PARIKSHIT

P4TE_1A_A01 



2011 343

52

9

209

69

68

69

72

53 1003407945

SAMYAK
P4TE_1A_AA0

2011 365 53

43

207 69 70

81

56
54 1003436936
DAKSH
P4TE_1A_A01

2011 373

54

10

205

68 70

70

65

55 1003492743

HITANSHI

P4TE_1A_AA0

2011 374

55

44

205

68 55

82

63

56 1008115406

GAUTAM SAINI

P4TE_1A_A01

2011 376 56

11

204

68

58

59

82

57 1003522093

KESHAV













P4TE_1A_A01

2011 391 57

12

202 67

64

61

72
58 1003407318

ANANYA
P4TE_1A_A02 2011

392 58

2

202 67

59

71

72
59 1003428124

SHAURYA
P4TE_1A_AA0 2011

394 59

45

202

67

65

75

62
60 22201650

ARPITA
P4TE_1A_AA0

2011 397 60

46

201

67 55

76

70
61 1003419797

SAMAIRA
P4TE_1A_A01 2011 407

61

13

200

66 66

85

49
62

1003407388

KANISHKA
P4TE_1A_A01 2011 414 62

14

198

66 77

66

55
63 1003608180

ANUJ
P4TE_1A_AA0

2011 416 63

47

198 66 86

66

46

64 1003490287

UTKARSH

P4TE_1A_A02

2011 419 64

3

197

65 63

73

61

65 1008116198

SHEREEN PANDITA

P4TE_1A_AA0

2011 424

65

48

196

65 60

68

68

66

1008038916

GUNISHA GOYAL

P4TE_1A_A03

2011 430 66

1

196

65 55

81

55

67 1003439136

JANMEJAYA






P4TE_1A_A01

2011 445 67

15

194

64 56

76

57
68 1003424026
RUUL
P4TE_1A_A01 2011 463 68

16

191

63

64

72

55
69 1003445381

GURTEJ
P4TE_1A_A03 2011 469 69

2

190 63

47

76

67

70 1003444115 
ARPIT
P4TE_1A_A01 2011 478

70

17

190 63

61

77

52

71 22133173

JAYANT

P4TE_1A_AA0

2011 492 71

49

187 62

41

80

66

72 1003411590

HARMAN



P4TE_1A_A02

2011 514 72

4

185 61

63

68

54
73 1003515896 
RABHYA
P4TE_1A_A01 2011 516 73

18

185 61

63

72

50

74 1003436632

SWASTIK

P4TE_1A_A01

2011 522

74

19

184 61 65

73

46

75 21227056

AGRIM

P4TE_1A_A01

2011 531

75

20

182 60 43

86

53

76 1008115738

JATIN KUMAR

P4TE_1A_A01 2011 533 76

21

182 60

56

81 45

77 1003474967 
PARTIK

P4TE_1A_A01 2011 534 77

22

182

60 71

67

44

78 1003446566

GANTAVYA







P4TE_1A_A01

2011 540 78

23

181

60 66

80 35
79 1003463463

SHIVESH
P4TE_1A_A02

2011 551 79

5

179

59

45

77

52
80 1003411659 
ARUSH
P4TE_1A_A03 2011 560 80

3

178 59 63

67

48
81 1003485828 
AVLEEN
P4TE_1A_A02 2011 561 81

6



178

59 69

64

45
82 1000493564 
TANMAY
P4TE_1A_A01 2011 570 82

24



176 58

50

76

50
83 1008115204

PRAVESH SAINI
P4TE_1A_A01

2011 571 83

25



176 58 64

67

45
84 1003500350

LAVANYA
P4TE_1A_A01 2011 572 84

26



176 58 45

85

41


85 1008191683 
ABHAY ANAND
P4TE_1A_A02 2011 573 85

7

175 58 50

55

70
86 1003472312 
KAVYAN
P4TE_1A_A02



2011 574 86

8

175 58 47

68

55
87 1003483647 
TANISHQ
P4TE_1A_A02



2011 575 87

9

175 58 58

68

49
88 1003335954 
PAVANI
P4TE_1A_A01



2011 577 88

27

175 58 61

71

43
89 1008169617 
UPLAKSH MITTAL
P4TE_1A_A02



2011 580

89

10

174 58 61


66

47
90 1003494745 
B VIGNESH
P4TE_1A_A01


2011 583



90

28

174 58 62


81

31
91 22218782 
MAULIK
P4TE_1A_A01


2011 588

91

29

173 57 60




65

48
92 1003613201 
ANUBHAV
P4TE_1A_AA0

2011
599 92

50

172 57



60

62

50

93 1000491790 
AARYAN
P4TE_1A_A01

2011
607 93

30

171 57 63




68

40
94 1008112612 
AYUSH BANSAL
P4TE_1A_A01

2011
617 94

31

170 56




56

66

48
95 1008116400 
HARGUN SANDHU
P4TE_1A_A02
2011

624 95

11

169 56




48

61

60
96 1003436419 
ISHITA
P4TE_1A_A01
2011

642 96

32

167




55 66

72

29

102 1003504744 
MAYANK
P4TE_1A_AA0
2011


665 102 51
163
54
38

63

63




103 22282935 
RISHIK SINGH
P4TE_1A_AA0



2011
679
103
52
161
53
38
71
52