
1
1003429526
Adit Goyal
P4TE_1A_AA0

2011

4
1 1
342
95

114

113

116
2
1000468239

Divay Sud
P4TE_1A_AA0

2011

22

2

2

325

90

107 113 105

3

22607624

Aryan Dinesh Singla

P4TE_1A_AA0

2011 34
3 3
319

88 108

103 108
4 22223341

Mehar Garg
P4TE_1A_AA0

2011 36

4

4

317

88 90

112 115



5 1003406790

Satavisha Chakraborty

P4TE_1A_AA0

2011
43
5
5


312

86

104 103 105
6

22203461

Riddhima Mittal
P4TE_1A_ΑΛΟ

2011

56

6

6

309

85

105 99 105

7

22852847

Devansh Balasaria

P4TE_1A_AA0

2011
60
7

7
306
85 95 101 110
8 22218734

Mehak Yadav
P4TE_1A_AA0

2011

65
8 8
300

83 96 102

102
9
1003440905

Abeer Singh
P4TE_1A_AA0
2011

67

9
9
299

83

85

106

108

10 1008112306

Arnav Jain

P4TE_1A_AA0

2011

85

10

10

292

81

85

97

110

11

1000522806

Anmol Maheshwarl

P4TE_1A_AA0

2011

89

11

11

292

81

101

95

90

12

20126037

Raghav Garg

P4TE_1A_AA0

2011

92

12

12

290 80

97

103

90

13

1000484956

Atharv Goel

P4TE_1A_AA0

2011

93

13
13
290 

80

102

106

82

14

1000465521

Saksham Jindal

P4TE_1A_AA0

2011

95

14

14

289

80

95

102

92

15

1003335958

Krishiv Aggarwal

P4TE_1A_AA0

2011 100

15

15

288

80 93

101

94

16

1003436372

Ayaan Vinayak

P4TE_1A_AA0

2011

111

16

16

286

79 89

104

93

17

1003407945

Samyak Jain

P4TE_1A_AA0

2011

112

17

17

286

79

09

102

85

18

1003421762

Sahil Marwaha

P4TE_1A_AA0

2011

114

18

18

285

79

88

103

94

19

1000484706

Gatik Bansal

P4TE_1A_AA0

2011

124

19

19

282

78

84

08 100

20 22201650

Arpita Panigrahl

P4TE_1A_AA0

2011

127

20

20

282

78 100

92

90

21

22234784

Aadil Goyal

P4TE_1A_AA0

2011

147

21

21

277

76

99

89

89

22 21220870

Bhavya Veer Chaudhary

Ρ4ΤΕ_1Α_ΑΛ0

2011

148 22

22

276

76

83

96

97

23 1003468273

Rohan Gupta

P4TE_1A_AA0

2011

165

23

23

272

75

81

101

90

24 1003415470

Kartik Jain

P4TE_1A_AA0

2011

167

24

24

271

75

84

95

92

25

1003425710

Tejasvi Gupta

P4TE_1A_AA0

2011

172

25

25

269

74

76

99

94

26

1003449718

Siddhant Balwada

P4TE_1A_AA0

2011

175

26

26

268

74

83

79

106

27

1003553016

Tanvi

P4TE_1A_A01

2011

176 27

1

268

74

82

83

103

28

22219465

Raksh Puri

P4TE_1A_AA0

2011

183 28

27

268

74

89

103

76

29

1003506583

Manya Dhillon

P4TE_1A_AA0

2011

190 29

28

265

73

89

93

83

30

1008111051

Prikshit

P4TE_1A_A03

2011

202

30

1

261

72

78

82

101

31

1000471720

Rizul Garg

P4TE_1A_AA0

2011

207 31

29

261

72

96

80

85

32

1000573777

Parth Hooda

P4TE_1A_A01

2011

32 218

2

259

71

84

94

81

33

1003490202

Taksheel Issar

P4TE_1A_A03

2011

222

33

2

258

71

81

88

89

34

22214078

Shreya Vohra

P4TE_1A_AA0

2011

230 34

30

256

71

83

95

78

35

19005104

Mehul Jindal

P4TE_1A_AA0

2011

234

35

31

255 70

89

99

67

36 1003428124

Shaurya Gupta

P4TE_1A_AA0

2011 246

36

32

252

70 72

89

91

37

22133173

Jayant Mehta

P4TE_1A_AA0

2011

249

37

33

252

70

83

92

77

38 1003447724

Arnav Singla

P4TE_1A_AA0

2011 250

38

34

252

70

88

95

69

39

1003499265

Arjun Lohchab

P4TE_1A_AA0

2011

258

39

35

250

69

69

92

89

40 1003492679

Parv Anuragi

P4TE_1A_A01

2011

262

40

3

250

69

81

95

74

41

21217808

Nishtha Garg

P4TE_1A_AA0

263

2011

41

36

249

69

65

85

99

42

22224356

Pulkit Kumar

P4TE_1A_AA0

2011

279

42

37

248

68

84

92

72

43 1003408003

Saksham Singla

P4TE_1A_A01

2011 293

43

4

246

68 87

89

70

44 20205058

Ishita Upadhyay

P4TE_1A_A01

2011 301

44

5

244

67 64

90 90

45 1003426115

Karan Chauhan

P4TE_1A_AA0

305

2011

45

38

244

67 65

97

82

46 22244402

Sara Bansal

P4TE_1A_AA0

316

2011

46

39

243

67

84

89 70

47 1003599696

Abhinav Ojha

P4TE_1A_A01

2011

392

47

6

231

64

74

78

79

48 1008182484

Prtush

P4TE_1A_A01

2011

405 48

7

229

63 84

59

86

49 1003335939

Prachi Yadav

P4TE_1A_A01

2011

421 49

8

228

63 82

77

69

50 1003445156

Omkar Ashok Kayande

P4TE_1A_AA0

2011

50 440

40

226

62

75

85

66

51 1003535514 
Anushka

P4TE_1A_A01

2011

464

51

9

223

61

62

88

73
52

1003450239

Sushant Punia

P4TE_1A_AA0 2011

474

52

41

222
62
61

86

75

53

1003424026

Rijul Chauhan

P4TE_1A_A01

2011

484

53

10

221

61

81

80

60

54

1003474967

Partik Bansal

P4TE_1A_A01

2011

516

54

11

218

60

75

79

64

55 1003424426

Siddhant

P4TE_1A_AA0

2011 521

55

42

217

60 83

51

83

56

1003491413

Ansh Sawhney

P4TE_1A_A02 2011

566 56

1

211

58

70

83

58

57

1000363876

Tanishqa

P4TE_1A_A03

2011

582

57

E

209

58

78

55

76

58 1003608180 
Anuj

P4TE_1A_AA0

2011

583

58

43

209

58

71

64

74

59

1003455681

Gitansh Singla

P4TE_1A_A01 2011

586

59

12

209

58

81

64

64

60 21227056

Agrim Bansal

P4TE_1A_A01 2011

606 60

13

207

57

70

84

53

61

1003436632

Swastik Singla

P4TE_1A_A01

2011

607

61

14

207

57

58

98

51

62

1000614543

Vihang Tyagi

P4TE_1A_AA0

2011 612

62

44

206

57

59

78

69

63

1003463463

Shivesh Sharma

P4TE_1A_A02 2011

615

63

2

206

57

52

87

67

64

1003335932

Dhairya

P4TE_1A_A03

621 2011

64

4

205

56

54

74

77

65

1003564900

Ishita Mahajan

P4TE_1A_AA0

2011

634

65

45

204

56

57

80

67

66

1003613749

Parikshit Yadav

P4TE_1A_A01

2011 639

66

15

203

56

69

49

85

67

1008038912

Shrey

P4TE_1A_A03

2011 671

67

5

200

55

64

65

71

68

22215081

Samkit Jain

P4TE_1A_A01

2011

672 68

16

200 55

61

70

69

69 1003455466

Aryan

P4TE_1A_A01

2011

675

69

17

200

55

67

83

50

70 1003335954

Pavani Singla

P4TE_1A_A01

2011

695

70 18

198

55

72

60

66

71

1003407318

Ananya

P4TE_1A_A02

2011

71 696

3

198

55

64

68

66

72 1003499807

Sanvi Sarswat

P4TE_1A_A02

2011

719

72

4

196

54

68

67

61

73 1003436936

Daksh Goel

P4TE_1A_A01

2011

730

73

19

195 54

62

83

50

74 1003492743

Hitanshi Sardana

P4TE_1A_AA0

2011 732

74

46

194

53

62

62

70

75 1000470224

Vrittee Garg

P4TE_1A_A01

2011

738

75

20

194

53

66

74

54

76 1003411590

Harman Bagha

P4TE_1A_A02

2011

744

76

5

193

53

66

69

58

77 1003525500

Ansh Verma

P4TE_1A_A02

2011

746

77

6

193

53

60

85

48
87 1003405654

Siddharth Kundu

P4TE_1A_AA0

2011

833

87

47

185 51

73

70

42
92 1003613201

Anubhav Sharma

P4TE_1A_AA0 2011

889

92

48

181

50

65

64

52

93 1003446566

Gantavya Dogra

P4TE_1A_A01

2011 900

93

27

180 50 62

71

47

94 1003484693

Dhruv Atri

P4TE_1A_A02

2011

901

94

12

180

50

70

67

43

95 1003483897

Paras Saini

P4TE_1A_A01

2011

905

95

28

179

49

44

73

62

96 1003607362

Yoshodhan Rawat

P4TE_1A_A03

915 2011

96

8

177

49

61

41

75

97 1000487962

Aadev Singh

P4TE_1A_AA0

2011

941

97

49

175

48

52

68

55

98 1000506273

Naman

P4TE_1A_A02

2011

944

98

13

174

48

49

51

74

99

1003535030

Anshika Sharma

P4TE_1A_A02

2011

963 99

14

173 48 66

50

57

100

22273734

Akshat Jain

P4TE_1A_A01

2011

968 100

29

172

47

55

49

68

101

1008191683

Abhay Anand

P4TE_1A_A02

2011

969 101

15

172

47

36

71

65

102

1003498725

Diya Goyal

P4TE_1A_A03

2011

997 102

9

169 46

58

62

49
116

1003504744

Mayank

P4TE_1A_AA0

2011

1084

116

50

160

44

73

59

28
118

22282935

Rishik Kumar Singh

P4TE_1A_AA0

2011

1096

110

51

158

43

48
47
63