1
22203461

Riddhima Mittal

P4TE_1A_AA0

2011

14

1

1

319

88

120

99
100
2 1000468239

Divay Sud

P4TE_1A_AA0



2011 16

2

2

316

87

96

112
108
3 1003429526

Adit Goyal

P4TE_1A_AA0


2011 25

3

3

308

85 112

96
100
4

22223341

Mehar Garg

P4TE_1A_AA0


2011

33

4

4

298 82 120

94

84

5

22607624

Aryan Dinesh Singla

P4TE_1A_AA0

2011 47

5

5

286

79

104

95

87

6

22234784

Aadil Goyal

P4TE_1A_AA0

2011

49

6

6

285

79

102

101
82
7

20126037

Raghav Garg



P4TE_1A_AA0

2011 55

7

7

282

78 98

100

84

8

1003335958

Krishiv Aggarwal

P4TE_1A_AA0

2011 61

8

8

272 75

97

82

93

9

1003415470

Kartik Jain

P4TE_1A_AA0

2011

65

9

9

270 75

94

86

90

10

22218734

Mehak Yadav

P4TE_1A_AA0

2011 76 10

10

263

73

90

101

72

11

1008112306

Arnav Jain

P4TE_1A_AA0

2011

80

11

11

261

72 92

84

85

12

1003450239

Sushant Punia

P4TE_1A_AA0

2011 85

12

12

259

71

88

94

77

13 1000522806

Anmol Maheshwari

P4TE_1A_AA0

2011 95 13

13

255 70

100

84

71

14

1003468273

Rohan Gupta

P4TE_1A_AAD

2011

103

14

14

251

69 90

82

79

15

1003406790

Satavisha Chakraborty

P4TE_1A_AA0

2011

105 15

15

250

69 79

83

88

16

1000484706

Gatik Bansal

P4TE_1A_AA0

2011 108 16

16

247

68 106

77

64

17

1003445156

Omkar Ashok Kayande

P4TE_1A_AA0

2011

109 17

17

246

68 73

88

85

18 1003449718

Siddhant Balwada

P4TE_1A_AA0

2011

111 18

18

246

68 94

79

73

19 1003499265

Arjun Lohchab

P4TE_1A_AA0

2011 116 19

19

244

67 94

83 67

20

1003425710

Tejasvi Gupta

P4TE_1A_AA0

2011 124 20

20

239

66 77

83 79

21

22219465

Raksh Puri

P4TE_1A_AA0

2011 125

21

21

239

66 92

85

62

22

22852847

Devansh Balasaria

P4TE_1A_AA0

2011 131

22

22

237

65

78

92

67

23 1003440905

Abeer Singh

P4TE_1A_AA0

2011 136

23

23

235

65 83

78

74

24

1000471720

Rizul Garg

P4TE_1A_AA0

2011

144

24

24

231

64 80

74

77

25 1003447724

Arnav Singla



P4TE_1A_AA0

2011 149 25

25

230

63 84

81

65
26 1000484956

Atharv Goel
P4TE_1A_AA0

2011 152 26

26

228 63 96

78

54

27 1003506583

Manya Dhillon

P4TE_1A_AA0

2011 154 27

27

227 63

81

70

76

28 1000465521

Saksham Jindal

P4TE_1A_AA0

2011 157 28

28

226

62 92

70

64

29

22214078

Shreya Vohra

P4TE_1A_AA0

2011 161 29

29

224

62

80

89

55

30

1003421762

Sahil Marwaha

P4TE_1A_AA0

2011 166 30

30

222

61

67

86

69

31 21220870

Bhavya Veer Chaudhary

P4TE_1A_AA0

2011

172

31

31

220

61 75

76

69

32 1003426115

Karan Chauhan

P4TE_1A_AA0

2011

181 32

32

218 60 95

63

60

33

19005104

Mehul Jindal

P4TE_1A_AA0

2011

194 33

33

214

59 87

70

57

34

22133173

Jayant Mehta

P4TE_1A_AA0

2011

195 34

34

214

59 75

82

57

35 1003405654

Siddharth Kundu

P4TE_1A_AA0

2011

222 35

35

203 56 68

80

55

36

22244402

Sara Bansal

P4TE_1A_AA0

2011

229 36

36

202 56

62

84

56

37

1003436372

Ayaan Vinayak

P4TE_1A_AA0

2011

235 37

37

199 55 72

52

75

38 1000573777

Parth Hooda

P4TE_1A_A01

2011

259 38

1

189 52 67

81

41

39

1003428124

Shaurya Gupta

P4TE_1A_AA0

2011

262

39

38

188

52

53

87

48

40

1003599696

Abhinav Ojha

P4TE_1A_A01

2011 263 40

2

188

52 77

65

46

41 22224356

Pulkit Kumar

P4TE_1A_AA0

2011

277 41

39

185

51 69

72

44

42

21217808

Nishtha Garg

P4TE_1A_AA0

2011

291

42

40

182

50 56

67

59

43

1003335939

Prachi Yadav

P4TE_1A_A01

2011

303

43

3

180

50 63

71

46

44

20205058

Ishita Upadhyay

P4TE_1A_A01

2011

307

44

4

179

49 80

69

30

45

1003446566

Gantavya Dogra

P4TE_1A_A01

2011

313 45

5

177 49 82

69

26

46

1003492679

Parv Anuragi

P4TE_1A_A01

2011

316 46

6

176 48 64

58

54


51

1003419797

Samaira Bhatia

P4TE_1A_AA0

2011

366

51

41

166

46 56

60

50
52

1003613201

Anubhav Sharma

P4TE_1A_AA0

2011

374

52

42

164

45 66

60 38

53 22201650

Arpita Panigrahi

P4TE_1A_AA0

2011

384

53

43

161

44

51

65 45

54 1003492743

Hitanshi Sardana

P4TE_1A_AA0

2011

390

54

44

160

44

72

50 38

55

1003509489

Vinayak Jain

P4TE_1A_A01

2011

391 55

8

160

44

74

54

32

56 1003407945

Samyak Jain

P4TE_1A_AA0

2011

393

56

45

160

44

70

70

20

57 1003424026
Rijul Chauhan

P4TE_1A_A01

2011 409 57

9

157 43

56

61

40

58

1003335954

Pavani Singla

P4TE_1A_A01

2011 410

58

10

157 43 68

64

25

59

1003608180

Anuj

P4TE_1A_AA0

2011

425

59

46

153

42 57

62

34

60 1003455681
 Gitansh Singla

P4TE_1A_A01

2011 429

60

11

152

42

64

39

49

61

1008182484

Prtush

P4TE_1A_A01

2011 434

61

12

151

41 71

63

17

62

1003543029

Mayukh Madur

P4TE_1A_A01

2011

435

62

13

151

41 57

85

9

63 1003474967 
Partik Bansal

P4TE_1A_A01

2011

444

63

14

149

41 61

63

25

64

1003504744

Mayank

P4TE_1A_AA0

2011

446

64

47

148

41

56

48

44
69 1003564900

Ishita Mahajan
P4TE_1A_AA0D

2011 498

69

48

139

38 19

63

57
76 1008116198

Shereen Pandita

P4TE_1A_AA0

2011

579 76

49

127 35

51

48

28
85 1003424426

Siddhant

P4TE_1A_AA0

2011 618 85

50

120

33 42

37

41

86 1003436632

Swastik Singla

P4TE_1A_A01

2011 624 86

26

120

33 45

57

18

87 1003603267

Lavish Choudhary

P4TE_1A_A01

2011 625 87

27

120 33 57

46

17

88 1008215796

Rahul

P4TE_1A_A01

2011 626 88

28

120

33 50

55

15

89 1003425390

Aayush Jain

P4TE_1A_A02

2011 628 89

10

119

33 35

49

35

90 1003623845

Tarandeep Singh

P4TE_1A_A01

2011 637 90

29

118

32 52

51

15

91 1003497322

Sanyog

P4TE_1A_A02

2011

644 91

11

117 32 66

46

5

92

1008169617

Uplaksh Mittal

P4TE_1A_A02

2011

646 92

12

116

32 45

36

35

93 1003486027

Lakshit Dhiman

P4TE_1A_A02

2011

647 93

13

116 32 40

51

25

94

1003408403

Arshia Kaushal

P4TE_1A_A02

2011

656 94

14

115

31 19

59

37

95

1003500350

Lavanya Grover

P4TE_1A_A01

2011

661 95

30

115

31 48

51

16

96

1000487962

Aadev Singh

P4TE_1A_AA0

2011

672 96

51

114

31 37

57

20

97

22285762

Ramya Aggarwal

P4TE_1A_A02

2011

673 97

15

114

31 36

59

19

98

22282935

Rishik Kumar Singh

P4TE_1A_AA0

2011

679 98

52

113

31 38

54

21